16071
20017
11093
16283
13185
15328
14962
14833
15727
14637
16834
17899
18385
14871
20013
13749
15073
18641
13463
11994
19340
13881
14426
17449
10581
19556
13862
16632
15656
10339
18901
10561
10719
13551
10097
16196
16354
15341
12181
17962
15351
16275
10768
15531
13593
11490
14517
10801
19150
18180
19882
20045
16499
11807
19789
15754
11846
13396
17673
12137
10267
13471
18199
11937
14134
14404
18734
12143
17727
18973
15300
11475
19307
11141
19711
10268
16993
19066
15143
10677
19484
12187
15625
12134
14542
15239
18905
17107
16359
19381
18727
15973
13007
12937
19821
18897
18580
18328
15047
16997
18251
13658
19956
15128
12722
13344
19765
13793
11262
13171
10690
11186
12165
16601
16486
13664
10393
15920
15459
14122
15036
16561
14764
13757
19823
12752
18005
13491
12776
12646
19971
11990
15742
16063
18270
11450
14726
11559
16783
16347
19922
10557
17231
15027
18385
19252
17602
11522
17906
11960
17133
18676
13029
10063
17169
14068
10131
10162
14512
12266
15400
19623
17426
16084
15576
20078
12637
10901
13869
18820
16919
14240
12166
10021
14407
15701
16826
19509
11699
14514
16183
18693
18548
19576
12097
13505
16010
11138
16300
11732
12285
15526
13412
14652
18320
16422
10660
16821
17795
19443
15115
15231
10490
12873
18706
17570
10894
12696
11551
14008
19799
13770
17660
11836
19102
15149
16670
12376
12506
15658
10556
16103
10513
13602
11130
12662
14839
19056
14882
15432
17092
13638
14499
15343
17290
19621
18330
11028
11492
14597
15333
17182
18372
13621
13683
12357
17839
12398
18991
18650
12530
10324
11057
19813
10470
15496
13410
10318
16794
16108
12154
15686
16352
17445
14960
12828
12726
18679
16385
15083
12210
10644
10993
17957
12965
15388
16453
19905
10221
19474
10740
10507
16358
18038
18753
17925
14900
18326
16613
16204
16012
18973
11473
13674
17758
16236
10428
15127
12803
11072
19206
12210
16435
15140
18942
11605
15236
17876
11505
18191
18063
16416
18249
14728
11267
12245
16371
17092
18079
12048
15095
18075
10480
14741
17772
18465
15122
10108
12020
19907
12291
17035
13685
16011
10522
10578
13073
18354
10867
12598
10235
12522
10394
10223
10861
12215
12958
16113
18241
17111
12598
19049
14886
13311
14196
15498
18724
12297
14727
13259
14131
12275
10234
12172
12048
19150
15991
11314
18669
12372
15356
16699
15495
19608
12693
13029
13802
16523
17717
14810
16212
19420
19976
12146
10348
10472
10473
19058
13232
16645
13471
11267
14819
15426
17770
13874
12068
11863
20059
14602
12648
19723
13572
18616
16208
14930
16452
18973
19046
11034
15234
12444
17124
15531
14945
13307
16954
17697
19925
13434
11859
15680
19314
17161
18901
13632
13699
14143
18442
19394
12919
13769
15149
11108
10194
10138
15363
19486
16913
16756
18054
18346
12697
10585
19363
11508
16029
10915
19667
15622
19953
14054
11713
12385
10607
18430
19980
12738
17792
17319
18330
12438
18704
13248
14779
11777
11433
11733
13874
12953
20001
17272
16793
16523
17303
20033
16883
12578
15803
16536
17610
14969
10236
15863
18547
10425
13905
10741
13943
20065
16469
17895
12273
13089
15682
18105
10949
19041
13428
11451
16551
15854
18992
17699
19825
18523
15205
11414
19756
16844
10961
16227
16338
17452
11162
16033
14847
16456
14323
19718
19953
12998
19144
18084
14215
10288
15802
15421
11019
15740
19360
12231
11696
19499
17287
17166
15414
14021
15612
13374
10910
10321
18821
18407
17235
15309
11670
15139
13499
16623
18713
18354
18501
11463
11918
16905
10916
12443
18227
16164
13576
12085
19300
19598
17815
18992
17488
12926
18642
10785
10087
16207
13196
15362
12669
12083
18147
12675
18834
15106
12678
15424
16468
18186
14707
16136
14032
10005
17923
15507
17432
13735
13750
11295
10786
14163
10231
14628
11625
15298
15669
11493
13892
15518
11762
14985
15552
10290
16182
18325
13846
13279
10132
19886
13460
17609
13686
12162
14467
10363
12548
17921
16679
11087
19441
17271
12477
17118
19163
15558
14622
17894
17594
17950
13632
15414
12934
17908
11984
17600
17873
18218
13721
19104
17493
17402
15930
16666
12028
16288
13645
17033
11843
10508
17990
18302
14289
18439
16826
12386
11118
16210
11583
11223
10807
13803
14348
13503
11425
19963
15480
13705
18229
15017
18489
20013
10150
14009
18311
10059
10405
19907
15419
19900
19862
14788
18394
11617
13218
14071
12343
11269
18406
17430
18075
10363
18481
10754
15587
11149
14421
12034
12131
19466
10207
17657
17472
12042
16745
16142
14714
12394
14077
19289
10748
15262
13438
10814
18099
17114
14314
12985
11574
17867
15052
19634
15554
18281
15007
11824
16581
11386
17536
12255
15739
14810
14491
16475
10853
18240
11477
15552
12979
16074