3159721640
3133027543
2894213828
1247836692
3231634902
2912019450
2152016085
1972423748
1846237295
2941634451
2537023063
2858239439
1840610779
3021437556
3010539259
2650027265
1246624183
2147319557
2557125061
3114313861
2311224655
1553117629
1531336170
3218316143
2389235896
1638818049
2051934754
1785514860
2419827945
1681315655
2764315551
2672435964
2472139990
2030516178
2323216932
2889722937
3197726898
3019327174
1750015108
2836112689
1167512688
1228519636
1333639356
1447225133
3028120662
2225612428
3221033888
2879136473
1749524279
1574714752
1654014901
1445118183
2603734234
3094137697
2220622315
1636436507
3064629131
2092615878
1184812061
2350528727
1782326302
2230130415
3257221878
1700011960
1124828113
3258531505
1310721301
1133528761
1487639351
1369120460
2666826278
2890121828
2258334049
1734424501
3175128250
2789029416
2244627310
2654011019
3224423139
1861710880
1193217167
1689419786
1116010784
1263714119
1877221929
3263735245
2141010949
1890235213
1991833274
2257622535
1400830887
2847428095
2841013886
1368421304
3139032805
2833424112
2241124319
3189311106
1950233251
1826639162
1825219349
2446539964
2100727014
2166734391
2118128364
2194615323
2769229554
1315523068
1342015020
3237039257
2915438949
1793027958
1208224430
3317010383
2759224472
3021038031
3284028605
1631626294
2354628409
2195114359
2153515317
2308410215
1843217304
1797025869
1701429036
3309235145
1532614080
2086335139
3219816443
3264220961
3232132647
3236418172
1145610914
2367337556
2487228856
3306129117
2861917656
1407313593
2454312234
1397526522
2017734705
1828623373
1291329628
1896731259
2084312849
2434818404
1225816749
2091720647
2083112837
2240435357
2467112171
2530811022
1726133016
2819331977
1559712846
1921310757
1289311980
1162825948
1766732830
3324211960
2315532298
2263116983
1778739364
3104410330
3221322950
2285923723
1668715505
3081020148
2267234561
2277536047
1596128762
2127829443
1478939538
2269523077
2602138716
3233724507
2045028039
3001624080
1190522770
2018027668
1942316050
1528229295
3106135296
2170734728
1260830791
2777833645
2245411346
2389414826
1537411559
2556418520
2640628705
1541533892
1908623230
1306232014
2382416975
1315512073
2764432925
2785130871
2606334603
1596823507
2663020476
1430322032
2304537084
3088528046
2313129052
2720632751
3155225848
1308530347
2796519078
2645724208
1389236787
2987012002
2647510861
2974529090
2264710267
1349131778
2846612592
1219420388
2065639405
3332311622
1385926129
2965611290
1431122467
3153111162
1758029219
1117130513
1485219216
2925625455
2690022003
1395822517
1368313086
2341826005
2038822197
3186413680
2642626796
1217221318
1545124759
2912738709
2094934332
2287124428
2910832551
2535312231
1487638012
2778033930
1741316390
2803831777
1208321171
1602420333
1943112814
3220531185
1255434022
1867031920
2261138757
2633423073
3239119688
3139421767
1508018474
3007736678
1728113839
2181011430
2569731448
3245424855
1834621012
2470425293
2135712391
1233517914
2087212393
2791113848
1280935001
1568429235
2871022558
2068927343
3144512427
1534631844
3299425504
1113011072
2214717473
2656725847
2288916527
3189827541
1175125130
2953524972
1710524932
2215927133
1766217299
1446418291
1713522250
1971926238
3104633635
2077532699
2802218365
3293436645
1922522698
2418937377
3230416190
3329222837
2209122661
1318533793
2104031287
1280712120