22992137.1
11116312.2
14563212.7
27107213.7
26676319.6
19431216.2
31395312.1
15438322.7
26610120.5
19041233.8
33137130.1
29751229.4
26873314.7
16823220.4
14465210.2
29178121.6
27435129.9
27943223.2
31243334.6
18148225.9
27765121.2
17326133.2
12639326.7
29881232.5
12265332.8
11758239.5
16355333.0
12252138.7
12312210.5
21210221.1
12547125.7
27626331.8
18407129.8
17607232.1
21378119.9
12518128.5
23859137.7
26206221.1
31355317.8
32793224.7
24418339.8
14800130.0
26109124.0
14464338.0
27972117.9
22569136.1
13972126.9
27031212.8
22728314.8
14093226.8
13086210.7
13417332.8
20057330.0
23785217.0
18903227.9
28217338.6
23124224.0
12248128.9
26086218.9
21052336.5
26946140.6
15758333.3
24687131.3
32562330.6
26999129.4
16353138.2
18561114.8
18251329.4
32920133.8
16200337.6
13393139.2
16064317.6
24239221.0
13082124.5
19137214.3
16564111.1
20939219.0
17734222.1
12219111.0
24575226.9
11391222.9
22829213.0
31412124.8
31495328.7
28593130.1
30346330.5
22998132.4
26098216.7
30588112.4
25958120.0
15320121.4
25664330.2
26994211.6
16349324.8
19550322.2
14624230.8
12597217.5
22385131.5