114014536429676400000000006287413
124717448347640400000000005515562
125707263614184200000000006739152
130523022545820900000000006825467
131275003771639600000000005381771
138076413283013400000000005241796
145784072115494500000000001137052
149213655022278500000000006395159
151501778790556400000000002371244
161260363028537600000000007273578
171139261313564800000000002818953
178426306992692600000000001206718
179694411653246800000000006820405
190452815900055300000000008300070
193476937378758000000000007495427
195622872878479200000000003423973
204911997652845600000000001211256
213173054595889300000000007356668
214425622654425700000000003376011
233444835376590100000000003529669
239962408758535500000000005356899
242636737754247000000000004675403
250643177005017400000000002869340
256590758748845300000000002281447
275148488379549100000000007476499
277671024635511400000000001456470
277756004946436300000000003260887
280731104637367800000000004473165
280977337663682000000000007676529
288559128180311700000000003145933
289721162913210700000000005998965
290364165828715400000000007701790
291881738672109200000000004580161
309326656406333500000000002078426
313406855404738800000000005626180
316111826758995800000000006685960
318474014441737400000000002771124
322861174263415700000000002832993
327250927783849600000000002564733
330273792795193000000000005138669
333896762985279600000000007176843
347803957818090900000000007552936
348044484216375600000000002372373
351295404611399900000000002285111
353762664453477000000000008163372
355224916957822500000000002065458
356853293892486400000000001642275
357383377683565400000000006712580
370355147502958900000000002662306
372318458563165100000000004108532
380844528720061100000000001195997
382268834121435000000000005665190
389396202000453700000000008494129
390516455518686600000000003409355
392382925199838000000000003498166
394579564687210700000000004075370
403383548122852900000000005270995
416047684460228200000000008328099
418255833661111200000000005536142
437590897480002300000000005354162
446374707727481100000000007043161
460585572071946400000000008381924
461795601467973300000000004270582
465310533455635600000000005956175
469968405687058500000000007295253
474014663015911600000000004009399
475664358402961100000000002019551
490920037792203700000000007460324
497852502273809300000000003648987
498058458718446600000000006333426
502532023907818100000000002018696
509452928411569500000000001373104
518602965078246900000000006384008
532831842057011900000000005762508
534862035332481600000000006431241
539579214489708200000000003017340
543961518185439100000000006254354
544568233274468500000000008167226
563626268069649900000000006833549
570740416971693500000000007990302
576618777139016700000000005568885
578215955058274000000000003579757
579288932270007900000000003233920
580939564390921400000000005728389
582618302428240800000000007979184
587538664501087500000000006454948
590896394022981400000000004248533
596377714098250600000000008507057
598622683253934200000000004686758
599746078435911800000000007414425
601405884518195100000000003767695
602182835595554900000000001684930
603683773283389500000000005095674
604141126607845600000000004077850
607364563501148300000000004275141
614593167830469600000000002063240
620536708850076300000000001189437
621461096699168900000000003999479
623044471147856000000000007686430
631233072323172300000000007767430
640974245744482300000000008242327
641198764436414500000000005168899
642860381623844100000000007998829
647325911335800100000000004042886
653178971730134800000000002485161
653729124071461600000000001322502
656678911495830700000000001878457
656793291633633600000000004585129
660288173886715700000000003825113
663801205005557200000000002760929
664530303267034100000000007810796
676907058157170400000000006375990
678292337048806800000000002274344
680127424341364800000000004262889
683176504403425200000000003741001
683541805606119500000000003659532
687302665006636500000000005937906
688017682757755400000000001132802
704148347817181700000000002092935
721807423147381400000000005390708
729624844994484900000000003900009
730640612513118300000000002429915
747011624095135200000000002396020
748327115938281700000000001834234
750231236720264800000000001277364
762896334806697300000000002660315
768799656817706800000000008274321
774259842374155300000000006216320
776465392140559600000000003062988
779709396270864600000000008116842
788615078743636900000000001800095
792251964427707200000000007598568
814789538357901000000000002052776
819050128159133000000000008549113
819986491560136800000000003545791
821729467463510800000000008790498
837267225383385900000000006996413
844489792437838800000000004694101
846201161138012700000000005577148
846391576784611000000000008521285
854914793471692200000000007550815
866009141179545000000000008707765
867098368701222500000000003565102
868991471749290800000000002307796
869964056781747500000000003457355
879395807128498100000000001743498
880591694737144300000000004275273
881385293299435500000000005747799
886069026424118100000000003464600
886191513466223200000000002746824