209
181
274
281
384
059
019
084
037
205
335
126
328
381
202
141
049
247
039
272
325
278
212
371
282
158
123
131
175
080
237
330
042
380
367
308
163
155
144
162
357
361
378
307
008
068
042
293
178
013
177
218
034
159
171
132
020
336
399
296
140
117
339
142
051
003
100
273
178
186
346
014
124
360
271
398
289
191
323
363
265
368
188
164
064
327
399
287
257
202
061
302
029
007
120
307
195
091
157
366
244
074
344
186
213
196
173
037
139
030
229
307
056
063
368
297
236
334
389
041
122
264
353
130
189
136
398
224
186
227
194
159
330
258
061
359
232
162
041
137
338
143
282
339
142
039
123
331
147
260
360
018
313
114
396
200
384
163
248
202
129
061
166
070
245
179
306
006
292
012
329
010
300
144
380
159
070
091
044
216
387
188
099
090
110
010
054
175
400
313
112
111
052
212
397
190
308
066
112
284