195845201292437000000000006330934
120376771855934400000000007261700
132093991774517400000000005413585
115713061820444400000000006003629
125109071170856900000000004104881
144368591617144600000000003063829
185752311475351500000000004906791
135040331831601900000000002273606
199915581377010800000000007509262
195506711130004400000000005224242
191366981333865500000000007387298
132180111769803700000000005967861
139334231297789100000000007178716
147115611765551600000000007051615
193351921637658500000000004119542
215100581450236900000000002866836
177689941683192300000000005603780
158644021827705300000000005267712
126215011746929100000000006087418
157713521714263900000000007471830
122281371131815400000000002264909
130366701633402200000000008367662
130446361504800900000000001561465
127419961849585400000000005379480
163546481202490300000000008620199
178102221802411000000000005713966
203671901824332700000000001258114
139017651847876300000000005677895
140093112203079000000000002015255
206216721454087000000000003228159
169369141132898700000000006490718
132836311258056200000000005764540
208762531887712500000000005868250
182455951965661100000000004697762
205501881318279400000000008408378
175869631310024200000000001658286
167166062066816400000000008093006
217707391564374900000000002281585
130643101999335400000000006355658
122466352094672600000000008255899
136896622102434100000000007264959
196560931230305400000000008952248
163173771614962600000000004406225
171630151122907200000000007291239
135081091547784700000000008718469
115272501194737200000000001927093
167481961513886100000000003589273
218575321318084100000000008794425
188954652040063700000000006012930
193382822003324700000000003748440
174960261974389700000000005586380
154773691305316200000000008811170
154319391871840800000000001295922
187894911697073800000000001398808
161763871373891800000000007473769
206013221509532800000000005779469
143553031559283400000000005321781
155850891952796900000000001704643
165943822148631100000000001723584
203514031983451100000000006447259
130451941325660900000000008698810
174435571420313900000000004537193
135494541300977900000000004524099
144174041209017500000000001458125
160280091305645300000000006159382
167056631527666600000000003165168
177187502106071700000000007904611
214805611351042500000000003073917
182554692177905300000000008670384
211806961394846400000000008098342
213790901987089900000000008731121
116630501703935300000000002821981
170046141274987200000000006346848
137394321482733400000000002928876
174652351733563700000000008758987
136790461967239000000000006200247
202644501648382000000000008339543
129155851191972000000000005052903
211775791848758100000000001617612
146016261768337500000000005033053
211635351917687500000000008279118
125111431527386100000000006534395
154889941227257300000000003868086
217479471993953200000000004892316
154998211654206800000000004791874
158006712087117700000000003114727
147865082157446800000000007017341
159315842122877900000000003359692
216576751433224700000000001970271
164299581486276600000000003205760
205385601196946700000000004036348
135030241119023500000000005016839
180411281848735900000000003006707
124358092221254400000000001806359
194749961592485700000000008658854
204793511115251100000000004102318
117940001558448700000000004308168
123814251817787400000000002780685
138859931738929400000000007001289
196593722096794500000000004680866
119223311311704700000000007044558
112020291316267000000000007097126
216718281335031700000000005029608
174048222075315700000000001419649
195342221220977600000000008687889
126755412103750100000000008246370
140691301759640800000000006613488
151599641985973700000000008124834
152662241257176800000000005044711
169093931758492300000000008596899