01010183249651
01010191273400
01010365291350
01010379244049
01020210185009
01020243225736
01020266158932
01020395290586
01030120151356
01030225264850
01030261257077
01040108222176
01040167220900
01040217226215
01040254299713
01040290129291
01040311109515
01040355255431
01040358116443
01040385213120
02010136101742
02010198112441
02010240185062
02010259280646
02010271151802
02010296233994
02010305247685
02010314238868
02010319177137
02020376137374
02030130214983
02030292226475
02030363288579
02030375109965
02030377270988
02040193219762
02040257247283
02040313125004
02040349204051
02040384131032
03010127208808
03010137169674
03010164181539
03010224146477
03010238111970
03010268235245
03010307208327
03010351164558
03010372105972
03010389109080
03020148108231
03020188239117
03020223145798
03020244201601
03020356189469
03030116269328
03030247257517
03030282247612
03030341247213
03040103281362
03040174239949
03040321288975
03040326265005
04010132224685
04010133282520
04010142271903
04010150160351
04010302110462
04020139125905
04020206282631
04020260144339
04020318161956
04020334217668
04020335191109
04020381257469
04030199166489
04030212101050
04030286249051
04030315161175
04030399237842
04040162194634
04040201111156
04040209194592
04040231160416
04040273131802
04040353224279
05010122113013
05010129254109
05010170275518
05010397284737
05020145118598
05020146177666
05020278204532
05020369118846
05020380155723
05030187120674
05030204176427
05030228193380
05030352151055
05040194204004